222222211000000000011111110000000000000000000000012222222222
222222221110000000111111111000000000000000000000012222222222
222222221110000001111111111100000000000000000000012222222222
222222221111000011111111111110000000000000000000011222222222
222222221111000011111111111110000000000000000000001222222222
222222221111000011111111111110000000000000000000001122222222
222222211111000011111111111110000000000000000000000112222222
222222211111000001111111111100000000000000000000000011222222
122221111110000001111111111100000000000000000000000001122222
111111111110000000111111111000000000000000000000000000111222
111111111110000000011111111000000000000000000000000000001111
011111111100000000000000000000000000000000000000000000000000
001111110000000000000000000000000000000001000000000000000000
000111100000000000000000000000000000101111111100000000000000
000000000000000000000000000000000011111111111111110000000000
000000000000000000000000000000000111111111111111111100000000
000000000000000000000000000000001111111111121111111110000000
000000000000000000000000000000001111111112222111111110000000
000000000000000000000000000000001111111222222200111110000000
000000000000000000000000000000001111112222222220011111000000
000000000000000000000000000000001111102222222220011111100000
000000000000000000000000000000001111002222222222111111100000
000000000000111100000000000000001111002222222222111111100000
000000000011122110000000000000001111002222222222111111100000
000000000012222211100000000000001111002222222220011111100000
000000001112222222111000000000001111000222222220011111000000
000000011222111222221100000000001111000022222201111111000000
000000112221101112222100000000000111000001221111111110000000
000011122221100012222110000000000011111111111111111110000000
001112222211000011222211000000000001111111111111111100000000
011222222110000001222011000000000001011111111111111000000000
112222211100000001100001000000000000011111111111111000000000
122221110000011000100001000000000000000111111111110000000000
222211000001111100011021100000000000000001001100000000000000
221111000011111100012222100000000000000000000000000000000000
111000000011111110001222110000000000000000000000000000000000
000000000011111111001222210000000000000000000000000000000000
000000000011111111001122210000000000000000000000000000000000
000000001111111111000122210000000000000000000000000000000000
000000001111111111000122210000000000000000000000000000000000
