00000000000000000000000000000000000000000000000000
00000000000000000000000000000000000000000000000000
00000000000000000000000001111110000000000000000000
00000000000000000000000111111111100000000000000000
00000000000000000000011111111111110000000000000000
00000000000000000001111122222211111100000000000000
00000000000000000011112222222221111100000000000000
00000000000000000111122222222222111110000000000000
00000000000000000111122222222222111110000000000000
00000000000000000111122222222222111110000000000000
00000000000000000111122222222222111110000000000000
00000000000000000111222222222221111110000000000000
00000000000000000112222222222211111100000000000000
00000000000000000112222222222111111100000000000000
00000000000000000111222222222111111100000000000000
00000000000000000111112222222111110000000000000000
00000000000000000011111122221111110000000000000000
00000000000000000001111111111111000000000000000000
00000000000000000000111111111100000000000000000000
00000000000000000000000000000000000000000000000000
00000000000000000000000000000000000000000000000000
00000000000000000000000000000000000000000000000000
00000000000000000000000000000000000000000000000000
00000000000000000000000000000000000000000000000000
00000000000000000000000000000000000000000000000000
00000000000000000000000000000000000000000000000000
00000000000000000000000000000000000000000000000000
00000000000000000000000000000000000000000000000000
00000000000000000000000000000000000000000000000000
00000000000000000000000000000000000000000000000000
