00000000000000000000000001111100000222220000000000
00000000000000000000000001111100000222220000000000
00000000000000000000000001111100000222220000000000
00000000000000000000000001111100000222220000000000
00000000000000000000000001111100000222220000000000
00000000000000000000000001111100000222220000000000
00000000000000000000000001111100000222220000000000
00000000000000000000000001111100000222220000000000
00000000000000000000000001111100000222220000000000
00000000000000000000000001111100000222220000000000
00000000000000000000000001111100000222220000000000
00000000000000000000000001111100000222220000000000
00000000000000000000000001111100000222220000000000
00000000000000000000000001111100000222220000000000
00000000000000000000000001111100000222220000000000
00000000000000000000000001111100000222220000000000
00000000000000000000000001111100000222220000000000
00000000000000000000000001111100000222220000000000
00000000000000000000000001111100000222220000000000
00000000000000000000000001111100000222220000000000
00000000000000000000000001111100000222220000000000
00000000000000000000000001111100000222220000000000
00000000000000000000000001111100000222220000000000
00000000000000000000000001111100000222220000000000
00000000000000000000000001111100000222220000000000
00000000000000000000000001111100000222220000000000
00000000000000000000000001111100000222220000000000
00000000000000000000000001111100000222220000000000
00000000000000000000000001111100000222220000000000
00000000000000000000000001111100000222220000000000
00000000000000000000000001111100000222220000000000
00000000000000000000000001111100000222220000000000
00000000000000000000000001111100000222220000000000
00000000000000000000000001111100000222220000000000
00000000000000000000000001111100000222220000000000
00000000000000000000000001111100000222220000000000
00000000000000000000000001111100000222220000000000
00000000000000000000000001111100000222220000000000
00000000000000000000000001111100000222220000000000
00000000000000000000000001111100000222220000000000
00000000000000000000000001111100000222220000000000
00000000000000000000000001111100000222220000000000
00000000000000000000000001111100000222220000000000
00000000000000000000000001111100000222220000000000
00000000000000000000000001111100000222220000000000
00000000000000000000000001111100000222220000000000
00000000000000000000000001111100000222220000000000
00000000000000000000000001111100000222220000000000
00000000000000000000000000000000000000000000000000
00000000000000000000000000000000000000000000000000
